A	C	G	T
0.159420289855	0.304347826087	0.246376811594	0.289855072464	
0.0434782608696	0.884057971014	0.0289855072464	0.0434782608696	
0.579710144928	0.275362318841	0.0869565217391	0.0579710144928	
0.608695652174	0.0724637681159	0.289855072464	0.0289855072464	
0.884057971014	0.0724637681159	0.0289855072464	0.0144927536232	
0.927536231884	0.0289855072464	0.0289855072464	0.0144927536232	
0.840579710145	0.0579710144928	0.0579710144928	0.0434782608696	
0.0289855072464	0.63768115942	0.231884057971	0.101449275362	
0.0579710144928	0.565217391304	0.0579710144928	0.31884057971	
