A	C	G	T
0.231884057971	0.0289855072464	0.710144927536	0.0289855072464	
0.0434782608696	0.231884057971	0.666666666667	0.0579710144928	
0.405797101449	0.0144927536232	0.0289855072464	0.550724637681	
0.144927536232	0.0289855072464	0.0289855072464	0.797101449275	
0.0724637681159	0.144927536232	0.0144927536232	0.768115942029	
0.0434782608696	0.347826086957	0.101449275362	0.507246376812	
0.0579710144928	0.144927536232	0.115942028986	0.68115942029	
0.202898550725	0.0434782608696	0.724637681159	0.0289855072464	
0.289855072464	0.0579710144928	0.0869565217391	0.565217391304	
